feature	ANAEROFRUCAT.PWY..homolactic.fermentation	ANAGLYCOLYSIS.PWY..glycolysis.III..from.glucose.	ARO.PWY..chorismate.biosynthesis.I	COA.PWY.1..coenzyme.A.biosynthesis.II..mammalian.	COA.PWY..coenzyme.A.biosynthesis.I	COMPLETE.ARO.PWY..superpathway.of.aromatic.amino.acid.biosynthesis	DENOVOPURINE2.PWY..superpathway.of.purine.nucleotides.de.novo.biosynthesis.II	DTDPRHAMSYN.PWY..dTDP.L.rhamnose.biosynthesis.I	HISTSYN.PWY..L.histidine.biosynthesis	PANTO.PWY..phosphopantothenate.biosynthesis.I	PANTOSYN.PWY..pantothenate.and.coenzyme.A.biosynthesis.I	PEPTIDOGLYCANSYN.PWY..peptidoglycan.biosynthesis.I..meso.diaminopimelate.containing.	PHOSLIPSYN.PWY..superpathway.of.phospholipid.biosynthesis.I..bacteria.	PWY.1042..glycolysis.IV..plant.cytosol.	PWY.2942..L.lysine.biosynthesis.III	PWY.3001..superpathway.of.L.isoleucine.biosynthesis.I	PWY.3841..folate.transformations.II	PWY.4242..pantothenate.and.coenzyme.A.biosynthesis.III	PWY.5097..L.lysine.biosynthesis.VI	PWY.5154..L.arginine.biosynthesis.III..via.N.acetyl.L.citrulline.	PWY.5667..CDP.diacylglycerol.biosynthesis.I	PWY.5686..UMP.biosynthesis
CSM5FZ3N_P	0.0309059994354599	0.0476143547581548	0.0331846162040517	0.0480381458278708	0.0440313003284059	0.0351789044164587	0.0345261066363314	0.0703561363119987	0.0502826689008115	0.0490612140083147	0.0443358277910707	0.0526272859179657	0.0262059583429074	0.0715229126359985	0.0486582651223552	0.040378771952802	0.0539225890417973	0.0434484911159548	0.0479187535653643	0.0238708618294445	0.0479561923028529	0.0559746435536284
CSM5FZ3R_P	0.0264239274496216	0.0473047937690015	0.0264048336368825	0.0481847639521035	0.0481847639521035	0.0286181884095974	0.0308716401890644	0.0746858304051911	0.0515297453598216	0.0480480522528917	0.0481158989341579	0.05679861933913	0.0176725966108737	0.0746555348889784	0.0518944371831382	0.0441007246992979	0.0573164435406141	0.0462071541206739	0.0500164970542066	0.0172577517060958	0.0496664438206567	0.0560413587258979
CSM5FZ3T_P	0.0249703340772327	0.0531386480688257	0.026657436208277	0.0477333911086796	0.0465707875015848	0.0283867308015948	0.0324194654730881	0.0854834194655924	0.0496061102557322	0.0471941326774329	0.0473523171384649	0.0563229117056978	0.00155233970472313	0.0807753072177795	0.0532382401705876	0.0390775254738109	0.0619020075740092	0.0441325700880907	0.0514308224315763	0.00992851255081135	0.0547438998048591	0.0573830905015494
CSM5FZ3V_P	0.0264400698592435	0.0480836084185051	0.0257987231285288	0.0501324386797721	0.0488069501109947	0.0273965231120834	0.0281071074554992	0.0930053658569964	0.0473911163155941	0.050077002199251	0.0491365536207038	0.0546817093595219	0.0163185050799184	0.0576642615970972	0.0528147293105082	0.0490977016939788	0.0562193178506279	0.0474854047228402	0.0503887454202567	0.0211631663786792	0.0497001964979685	0.0500908033314309
CSM5FZ3X_P	0.0274962116327182	0.0496733860373095	0.03195918130509	0.0453189998928165	0.0426915274202187	0.0335160637506648	0.0352160648862805	0.0776684907558549	0.0491713816756118	0.0475872755661705	0.044807195012127	0.0548225476029097	0.0241851918513818	0.0837776364912835	0.0493353459139847	0.039810485964179	0.0574063066495277	0.0407488467667077	0.047082626619983	0.0168442919988407	0.0489462808663845	0.051934661339955
CSM5FZ3Z_P	0.0306658999962086	0.0519732777825225	0.0330093350393194	0.0457192199324873	0.0427489622595841	0.0341076521294456	0.0349935736905566	0.0947522823992062	0.0470974950577699	0.0469197335124855	0.0438548883309844	0.0502957597902335	0.0133726534000142	0.0719261257127024	0.0505004151486421	0.0454775691823664	0.0567793989718167	0.0414694727015334	0.049127781164649	0.013571929995798	0.0488663208253488	0.0527702529763252
CSM5FZ42_P	0.0252062662915951	0.0511861924123767	0.0384466029436005	0.0460790599422077	0.0442815024696558	0.039812659725181	0.0400597746583365	0.0675001228785794	0.0469781781220732	0.0432247466868269	0.0432608634847496	0.0519235996662048	0.0171496405835497	0.083503666126544	0.0530733629925564	0.0332451051555507	0.0585815820080777	0.0424415824371344	0.0522512306187894	0.0171194979928022	0.0483832030277282	0.0562915597758803
CSM5FZ44_P	0.0245031476900134	0.0544344428402403	0.0259545381455713	0.045616519223595	0.0454764837547105	0.0277795882882121	0.0338508976586445	0.0803389186533405	0.0517663986436	0.0470567847163815	0.0461673439428117	0.0555287219908377	0.0144749671858793	0.0792208598948193	0.0523820262709599	0.0425226670768811	0.0623971349438376	0.0432952957413517	0.0506426383416585	0.00988846487792933	0.0512454722618313	0.0554566878568932
CSM5FZ46_P	0.0285933424169593	0.0529313860178268	0.0215704350471264	0.0454890423371093	0.0454890423371093	0.0233269672073015	0.0271821573377141	0.0909736554267757	0.0516556285346401	0.0501084789808586	0.0470551168572379	0.0555615536812173	0.014238419893624	0.0799013421371382	0.052572751194568	0.0458766685981765	0.0606910248790024	0.0430114823810711	0.0506022729609369	0.00852262371008906	0.0512548487508636	0.0533917593126538
CSM5FZ4A_P	0.0143018386994189	0.0412244986460311	0.0277744316703447	0.0564933891624666	0.0482368289180777	0.0295706087559869	0.0241064287022136	0.0697803534774355	0.0549437934257823	0.0547478052212125	0.0497952182250961	0.0567269608457246	0.0133212953772321	0.0591066455299752	0.0585419296707109	0.0509399483468088	0.0597968805712689	0.0482750146961038	0.0548791064768862	0.0157269993928823	0.0544208771405718	0.0572891470477696
CSM5FZ4C_P	0.032390599090969	0.045948519330499	0.0356220747907826	0.0476611883525932	0.0446538332414452	0.0360902261548334	0.0338297650218102	0.10262522361301	0.0466996049268805	0.0509792471670228	0.0465236879481675	0.0523745320942386	0.0194333901428595	0.0464409034875967	0.0494462937776868	0.0470742308085776	0.0527060629007334	0.0441879086745933	0.0468512891125466	0.0220996523183644	0.0456824825592659	0.050679284485524
CSM5FZ4E_P	0.0319868494819887	0.0447232620241743	0.0357006770026225	0.0483646628970505	0.0450160560744345	0.0361488731674321	0.0333000488075847	0.0986212950810857	0.0486982371379665	0.0472590952046355	0.0455643373759324	0.0506614752754978	0.0226717276984458	0.0460543428844742	0.0511283248398188	0.0391335457333758	0.0502851911819077	0.0450165706509728	0.0486349442237626	0.0267395838773908	0.0523756583685197	0.0519152410109268
CSM5FZ4G_P	0.0328684010838705	0.0446255889507238	0.0424583420649572	0.0474371620185012	0.0427226146370529	0.040491711713217	0.0348084394492823	0.0923136098845002	0.0471052328440212	0.0420414597306138	0.0416366967528714	0.0485955607149762	0.0347514902396232	0.0560355513677753	0.0434278905930378	0.0414223135710555	0.0467929535001467	0.0442167077450102	0.0439904405339059	0.0274072778030689	0.0502721501538864	0.0545784046479027
CSM5FZ4K_P	0.0341149525055173	0.0437058930834632	0.0408918732987651	0.0510842000216995	0.0446364677982996	0.0395573540440357	0.0342099772393705	0.0899036518350981	0.0456905627443429	0.0423962924854154	0.0436640440476006	0.0491907397979562	0.0325180123734842	0.0604492034971963	0.0440539196808504	0.0411435636540527	0.0460037747591892	0.0449052077607904	0.0442442076046017	0.0250965448911389	0.0518438017524135	0.0506957551247185
CSM5FZ4M	0.0309869776701475	0.0506158591110773	0.0369604941572341	0.0468310697419767	0.0418283562018107	0.0365152498826973	0.0328297350743308	0.109060348174632	0.04625651289584	0.0433160898818239	0.0432268279913785	0.0511835988199962	0.0208171936722054	0.0637457719103057	0.0456438226883913	0.0413882247801873	0.0442093478928921	0.0414284884968798	0.0444213182532577	0.0210259684995002	0.0573652510277633	0.0503434931756728
CSM5LLGB_P	0.0159207014727046	0.0483729698673974	0.054004237372576	0.051129979084731	0.0456857359914603	0.0522597434336408	0.044665492431578	0.0604391357480481	0.0423749402038021	0.0406779199939817	0.0411158927460705	0.0537771363009735	0.00395722237216928	0.0772151371729666	0.0425714593615329	0.0387027920547658	0.0516133278895319	0.0471352303857568	0.045644113675469	0.0314515663465623	0.0495316600698608	0.0617536060244206
CSM5MCTZ_P	0.0208144192374367	0.0368115453262035	0.0417617712345442	0.05151724567742	0.0460541844094515	0.0416288384748734	0.032774831574304	0.0693418380832577	0.0479190000804448	0.0460633559963614	0.0457612461335684	0.0558024762842653	0.0170324103991209	0.0700328011308235	0.0529181779526543	0.0410616366000684	0.050147253695376	0.0466599511496971	0.0543388899153208	0.0241249201077429	0.0483264174411317	0.0591067890959335
CSM5MCU4_P	0.0119786075257815	0.0384267205073005	0.0388702598963252	0.0513942547177333	0.0466490047430177	0.0395265003306442	0.0438580169662124	0.0841405762897008	0.0472819076744541	0.0460008817010056	0.0459686658002872	0.0569929723929771	0.00257757645968407	0.0956289694206924	0.0483369150058545	0.0240647704996308	0.054006406195275	0.0458755694572663	0.0470999005188206	0.0259568839126906	0.0476296872011071	0.0577349527835388
CSM5MCU8_P	0.0322160083396479	0.042777254344636	0.0476139456914157	0.0530537872070685	0.0438382136966122	0.0468087506614209	0.0363149524239564	0.0531055667985082	0.0487721969558375	0.0457891254501616	0.0446543018395036	0.052505102602678	0.0277378943941057	0.0576602309757752	0.0489800614252191	0.0438003116325613	0.0544185599543504	0.0430331678873419	0.0479699863403349	0.0308848102554032	0.0399866775737068	0.0580790935497551
CSM5MCUA_P	0.0204374313555292	0.041234877852182	0.0308995923078452	0.0554899717208539	0.047230234557825	0.0327448396081327	0.0298342338237249	0.069395911378268	0.0543993122069323	0.053577213867877	0.0492348166360319	0.054998267805106	0.0145551270562178	0.0538967473613186	0.0566478949481495	0.0503317705524893	0.0593816403632636	0.0470848462012108	0.0534043029276254	0.0197694841687754	0.0505519512215893	0.0548995320790523
CSM5MCUC_P	0.0242836644464267	0.0390232320613255	0.0366549086450909	0.0557543968098498	0.0479030178787104	0.0377478034926729	0.0266534452177197	0.0704945716560229	0.0554496881563791	0.0513132287154812	0.0478861368492834	0.0526052954210511	0.0217896441564009	0.040306311744035	0.0545879055318162	0.0487724516173301	0.0576473795845202	0.0485119494006324	0.051698699128441	0.0240336066076478	0.0510330522054944	0.0558496106736684
CSM5MCUE_P	0.0237688813759924	0.0402418056294152	0.0421922380365998	0.0553415143923417	0.0471112531012603	0.0430530757829734	0.0387149172559146	0.0618882488098777	0.0516685976877623	0.0520472530635161	0.0495830949044633	0.0535907219322882	0.0146629542533351	0.050980035331283	0.0546724981481744	0.0472318997944962	0.0564650788483431	0.043368239993907	0.0475574436650713	0.0277411906008812	0.0404431979866156	0.0576758594054881
CSM5MCUG_P	0.0123899058587302	0.0284733414176714	0.0427313673217936	0.0544544504497296	0.0476353851801432	0.0432176170088994	0.0375688164410134	0.0728660888689694	0.0452565786165834	0.0460789969221487	0.0458227345787106	0.0579567024767161	0.0140897794035359	0.0699869760340645	0.0523282298921914	0.0394264481120115	0.0510794645738936	0.0475220674856609	0.0520016846275573	0.0270755763064379	0.0483571367170415	0.0636806517064964
CSM5MCUK_P	0.0142173824859195	0.0326903422991989	0.0408435982791075	0.0549857431917115	0.0480493208029371	0.0409311016576798	0.0382325149850905	0.0731131796515547	0.0416621217477546	0.0426860974544511	0.0432127604676601	0.0565555472323306	0.0253863838171974	0.0716070044757047	0.0471121913781026	0.0390259592626324	0.0543598585752654	0.0476274647150018	0.0481749357906998	0.0268145835167728	0.0507740818278153	0.0619378263854117
CSM5MCUO	0.0198390578580809	0.0467225506949454	0.045854057334432	0.0517545053407165	0.0446668517361927	0.0453179453583899	0.0377931805832987	0.0650964971404346	0.0435289957780428	0.038019023029899	0.0403605679691286	0.0549932890519984	0.01638016068082	0.0720831397708448	0.0461739756733412	0.0446514739461038	0.0483531994949652	0.0454957447745164	0.0496782021534133	0.0327871571129717	0.0471296098443587	0.0633208146731054
CSM5MCUQ_P	0.026169071770317	0.0396626625679609	0.0430822338310311	0.0515973403403892	0.0463638688786129	0.0412081716219538	0.0389877882029155	0.0726808519127701	0.0403395631147026	0.0437101942967973	0.0437575757764679	0.0523261423105859	0.0278015507771264	0.0650714486217211	0.0433856935051057	0.0433894341482376	0.0557185939109499	0.0472767416629247	0.0455513700183401	0.0285252093630168	0.0458236576663156	0.0575708357017579
CSM5MCUS_P	0.0346652510816954	0.0418163507596111	0.0515419593005721	0.048628042704805	0.0430542553381791	0.0471619833211619	0.031675230579146	0.071272328650877	0.0408480266178514	0.0426161478995479	0.0409738726657676	0.0495124171761967	0.0342782980216436	0.0627551246174013	0.0432187025429375	0.0487913915026614	0.0452079174424819	0.0448849858132903	0.0425336104666252	0.0337477674879717	0.0461108079159361	0.0547055280936395
CSM5MCUW_P	0.0345323545383367	0.0435017806572557	0.0464890301436122	0.0490097018428783	0.0428413419589709	0.044513312342398	0.0369868064214028	0.0724779087334181	0.0391394303016441	0.0444584490647251	0.0424382648168838	0.0495287436389389	0.0372638419809642	0.0652916191144939	0.0422733550813712	0.0471529877693279	0.0498817560407588	0.0431118195174111	0.042585419963995	0.0310067091550495	0.0453138683329321	0.0502014985832318
CSM5MCUY_P	0.0355051125436238	0.0450289979726793	0.04608120733583	0.0481156847997793	0.0413107252811313	0.0443042113097949	0.0364011739722213	0.0727733955149108	0.0390675626088156	0.044427340462354	0.0416643352912549	0.0505193870673076	0.0391283952416519	0.0658999586207974	0.0435112725796419	0.0497636961257095	0.0483734915458906	0.0416031773502216	0.0419605284046105	0.0311383379613846	0.046239957735959	0.04718205027443
CSM5MCV1_P	0.0358607564705689	0.0449061775041763	0.043282000842643	0.044274507056979	0.0404580868263143	0.0428515337494723	0.0410959929146488	0.0703577782244344	0.0337928100147722	0.0447045584407405	0.0402425414976721	0.050732968437471	0.0459433724799955	0.0807199588115117	0.0423593338090435	0.0512779634728613	0.0419047555701423	0.0374888823714892	0.0413341944060895	0.035371050786595	0.0490418625610651	0.0419989137513139
CSM5MCV5_P	0.029068002508242	0.0450698417458706	0.0407239350457607	0.0533799661513166	0.0441119491724479	0.0410463783586534	0.0388422292734487	0.0640686998246747	0.0444121098173765	0.044142620609528	0.0423866152994371	0.0528121513417836	0.0267492942947981	0.0697108024277098	0.0459725519474527	0.0451849251721795	0.0526097722868624	0.0432791016886592	0.0457477591500499	0.0223896247703574	0.0483178682879361	0.0599738008254549
CSM5MCVB_P	0.0298803830360405	0.0415078976643745	0.0430874646220627	0.0472145498072277	0.0417246642163412	0.0431646621441075	0.037352523762522	0.0676855262655622	0.0341071603854355	0.046572941263081	0.0425538985259874	0.056702858046538	0.043126319004019	0.0870680687872525	0.0471729688019763	0.0402620012324337	0.0450797741810587	0.0400711376017712	0.0427674272127911	0.0285564370122753	0.0479565321714283	0.0463848042557136
CSM5MCVD_P	0.0245273361915095	0.0420459473949949	0.024113092296741	0.0508783699253042	0.0481948121810498	0.0262056962313025	0.0304982105560101	0.0730024512738416	0.0502032868300277	0.0509229315560243	0.0492230590048492	0.0598142573913084	0.013508192489342	0.0819333447639892	0.0534959815781194	0.0422984633024087	0.0571283947351202	0.0462255210349464	0.0514416647917915	0.0152387971996344	0.0520406857932527	0.0570595034784322
CSM5MCVF_P	0.0268127947697603	0.0480145830338238	0.0261288661160808	0.051718202615196	0.0492597392265059	0.0277969414558341	0.0320253715959481	0.0834160751656624	0.0503424782249932	0.0506410467077591	0.0492926033306437	0.0538590642561756	0.0135244036275373	0.0573906231224477	0.0539274571215435	0.0482311815888944	0.0571155289997804	0.0477793318791073	0.0517892601376562	0.0195159485436951	0.0484539976771803	0.0529645008037748
CSM5MCVJ_P	0.0227176807444237	0.053148938420479	0.0273287123628021	0.0452436251511812	0.0430529639543039	0.0290039317314346	0.0324621385915442	0.0983080605274447	0.0492793140492127	0.0473566023786136	0.0451013605324387	0.0542231432578638	0.00694009329162823	0.0796853010364125	0.0522588486018991	0.0446682824308344	0.0614178019701912	0.0413745356093087	0.0506790962800543	0.0118560177766594	0.0507765689370687	0.0531169823642013
CSM5MCVL	0.0284877196452549	0.0520930634064459	0.0339062948469976	0.0457303663395952	0.0412094867260746	0.0353399479493731	0.0357392864716489	0.0857267247785019	0.0485778446552595	0.0458937046210346	0.0440112641754294	0.0525869471071714	0.0142618137343919	0.0780205673242675	0.0510201811640373	0.0429680028648882	0.0575098250817477	0.039902659572796	0.0493154663096357	0.0139448093125308	0.0512028637275126	0.0525511601854053
CSM5MCVN	0.0304040392721632	0.0497516988640461	0.034279222702709	0.0483380900227425	0.0430171425954472	0.0355944172803754	0.0389943377694456	0.080528567419617	0.050130861738678	0.0448016319228588	0.0437524481766078	0.0513508088483193	0.0137161225949405	0.0764499782709101	0.0509657995817881	0.0385671857613074	0.0583897428951723	0.0420485903374732	0.0499793427486227	0.0144181768221742	0.0499068718490384	0.0546149225255634
CSM5MCVV_P	0.0317128613172926	0.0459415896461908	0.0389011451523686	0.0486795566112989	0.0417305197419895	0.0394300455392197	0.0373854245105283	0.0820189445975743	0.0423677278768566	0.0431377856782181	0.0422098954190966	0.0495605673973986	0.0265251112322042	0.0785491288059813	0.0466391973528822	0.04613278147817	0.0478346973937364	0.0404790288571813	0.045575371317757	0.025925083369044	0.047995028130623	0.0512685085743879
CSM5MCVZ_P	0.00896952721339124	0.0177956641075161	0.0321181093920299	0.0527259304986041	0.0500065625410159	0.033389150989886	0.0378884579567084	0.102089460174511	0.0483146048508957	0.0497885323321732	0.0495790358305124	0.0586157509638281	0.00679944153497113	0.104814597398926	0.0493920154308657	0.0125094531840824	0.0564539586064721	0.0478881598779223	0.0472834685986018	0.0171026309299049	0.0555136883067058	0.0609617992804763
CSM5MCW4_P	0.00560462992595297	0.0160990787221732	0.032445867148273	0.0537560838016293	0.0506249745144824	0.0336701980103429	0.0314339217069069	0.102861674416169	0.0519259634683592	0.0495696432314819	0.0498746632870269	0.0563882559099798	0.00109206267460053	0.10674558668519	0.052901851757556	0.0185194517049771	0.056857878330915	0.0491988115445386	0.0492288591713462	0.0154814167740393	0.0545198798177009	0.0611992473963585
CSM5MCW6	0.0103078213709965	0.0379209666865099	0.0374272589565955	0.0509833680938225	0.0475501728098788	0.0381203975105148	0.0421110252356525	0.0887899055230345	0.0472038152429234	0.0455695198651043	0.0470659920301557	0.056501060079626	0.00287310588219628	0.0986369612407781	0.0481879491976863	0.0266059137992867	0.0515357194949145	0.0469743215983148	0.0472330312235101	0.0226819747254881	0.0456925233775744	0.0600271960554361
CSM5MCWA_P	0.0393402848526922	0.045752049528333	0.0505795093950389	0.0476874890645267	0.0420614504623274	0.0495651773059004	0.0407290578296104	0.0337007081131315	0.0394487613204105	0.0368797712294702	0.0362589019679482	0.0545977656589551	0.0426602131451201	0.0677539219041407	0.0403847778554459	0.0546310112114628	0.0496400654834563	0.0426857471003966	0.0453522460541042	0.0386416141435492	0.0476180846894463	0.0540313916845333
CSM5MCWC	0.0266764317676979	0.0303446825805621	0.0591105173357371	0.0493964885877088	0.0458428234555581	0.060506671924798	0.0225321322795609	0.0835409087982487	0.0354117036345491	0.0448424371438689	0.0453913216688665	0.0550043460065029	0.0365850247883334	0.0706255231304124	0.0299314095547758	0.0374765597334449	0.0483558614750668	0.0478453063129768	0.0486010285548724	0.0152344630267521	0.0485709485561601	0.0581734096835463
CSM5MCWE	0.0409133188378115	0.044664184794776	0.0514770252709751	0.0455587575206623	0.0432104454162129	0.0522172196327486	0.0368319775234494	0.0482045561457675	0.0324357747850942	0.0324567890262928	0.0358367947153997	0.0533739420826381	0.0466185092262498	0.067185581459945	0.0468611708829961	0.0473570600160859	0.0444904357614017	0.0445298814878975	0.0494493270922994	0.037532726158727	0.0476956358351746	0.0510988863273951
CSM5MCWG	0.0505140292105218	0.0578236941946315	0.0441127964470901	0.0330027231472203	0.0321331762807937	0.0451593791474454	0.0474837072319724	0.0433059741973203	0.0253198369238128	0.0381434060600187	0.0321855444965695	0.0485297037209571	0.0584110779879975	0.0766399067689436	0.0458491545268805	0.0649715648404489	0.0277821200842268	0.0306146934270855	0.0445741447957718	0.0506637085138213	0.0646626314481297	0.0381170265483406
CSM5MCWI_P	0.0251833278405764	0.048116550639255	0.0283383221156514	0.0471848205114266	0.0467534409007668	0.0301454957694446	0.0301365488045609	0.0855983311079174	0.0518567217188139	0.0474852799777119	0.0470089390371933	0.0547947237822784	0.0141234069589266	0.06425132590622	0.0524997706632419	0.0483821282677657	0.0563470788159655	0.0449364142603295	0.0510525141537587	0.0199877460556909	0.0509954347828549	0.0548216779296497
CSM5MCWK_P	0.024472476182786	0.0439491271879315	0.0417685183705858	0.0502130159748667	0.0437576942026464	0.0416214172345245	0.041109298015243	0.0889076675531597	0.0429817429066522	0.0458038681265663	0.0432226893858758	0.0509548547764905	0.0251994897231433	0.0654791488457671	0.0453368004293856	0.042867890657509	0.0503110354207157	0.0433446019712416	0.0451242090615163	0.022496398397087	0.0458975695351532	0.0551804860411529
CSM5MCWM_P	0.0281278672547498	0.04613895224913	0.0338943562407548	0.0481170770890295	0.0437587686343465	0.0345191070525897	0.0325778087168552	0.104533440144637	0.0483580740648153	0.0470235465418234	0.044378861976537	0.052853073837899	0.0192523548112365	0.0690032289262225	0.046067898758741	0.0423750668969695	0.0494506297927935	0.0430487752966944	0.0442785639093111	0.019648131417763	0.0509395036935359	0.0516549126935653
CSM5MCWQ	0.0317115188709938	0.0462122228997808	0.0437854570053531	0.0493583515414853	0.0408867829262352	0.0418265991320534	0.0340343916284577	0.0949545492526806	0.0447391626679847	0.0411043473777594	0.0411842395333498	0.0479169592712235	0.0315375117560363	0.0578600324991066	0.0448307219672982	0.043619227986211	0.04525385037966	0.0420129400846612	0.0459154329865932	0.027811026050843	0.0513982127269204	0.0520464614553128
CSM5MCX3	0.0243158929566692	0.0449175492825085	0.0486580179746549	0.0470174536973421	0.0403469195690396	0.0479766541351831	0.0365810001961265	0.0699778746516019	0.0432418228804522	0.0415877518822062	0.0407566978545411	0.0525079915695736	0.0210688102688585	0.0734413997517219	0.0491077582939917	0.0415755846707871	0.0457892350987659	0.0413536725946288	0.050201021309029	0.0314930965586549	0.0494573702771546	0.0586264245265085
CSM5MCXB_P	0.0287532696015892	0.0509063131710329	0.0503173479671671	0.0497336257769855	0.0457343714500428	0.049269910344466	0.0302377706705815	0.0544912237776496	0.046507133411396	0.0427675539010935	0.0432979721188183	0.0527707870928654	0.0275558235318105	0.0644117338646254	0.0413248513023063	0.0402190123327333	0.0492193735181204	0.0473333449844749	0.0442306459975416	0.0300879078627729	0.0487473566472675	0.0620826706746593
CSM5MCXD	0.0331822015841577	0.047487217302055	0.0384184917266358	0.0502813277945062	0.0432293464836517	0.0388116882774322	0.0392917538336371	0.0650183438969248	0.0463704640692326	0.0447516056405065	0.0434243035092851	0.0512399348892772	0.0268583490082455	0.0736172031111062	0.0485730212535983	0.0374580089178478	0.0512583403330682	0.0432164509497854	0.0477111306628246	0.0237402089193718	0.0498652709791286	0.0561953368577218
CSM5MCXF_P	0.0272845138179987	0.0429279179927296	0.0508492191433441	0.0494893310638219	0.0440151355932986	0.048086860776099	0.0372116534945703	0.0782191860706813	0.04907722189632	0.0430188562678701	0.0431705644062395	0.0506007988710951	0.0233572794501439	0.0657320617756694	0.0397449340163423	0.0433121682918154	0.0493761634325359	0.0445014388455978	0.0408213256317756	0.0271398786565847	0.050554463654714	0.0515090268507527
CSM5MCXH	0.0248357233900023	0.0477731545340253	0.0333361845835341	0.0534201165459955	0.0449268597146021	0.0346783686854052	0.025971153733998	0.0782715065647749	0.0530508643976662	0.0485450504774205	0.0462101510148659	0.0538150985591047	0.0179045552381316	0.0584217735492873	0.0551816402663007	0.0469977135870382	0.0562799052500588	0.0448400643040781	0.0510996258077176	0.0217289279840525	0.0489221931176157	0.0537893686943249
CSM5MCXJ	0.0285961584726964	0.0429860613176605	0.0343687869511933	0.0542233143089118	0.0420354099653015	0.0355516494832358	0.0295451595933216	0.0752208628896713	0.0538167679339228	0.0491532130542289	0.04529933258735	0.0524434215103227	0.023771823872653	0.0530347938394963	0.0540263473641143	0.0473561106961302	0.0557836084132114	0.0420659392523767	0.0521599352731965	0.0228786948835862	0.052354308996698	0.0533282993407206
CSM5MCXL	0.0266116759621656	0.0425355780816368	0.0385835782695635	0.0531968693371309	0.0437874620573225	0.0396034348912851	0.0340625906529985	0.0690950645100311	0.0495324105869184	0.048326732631578	0.0452553065453653	0.0515378848368684	0.0270325164064614	0.0610648570749173	0.0550387942201033	0.0464618709471392	0.0540635923374684	0.0439788236811505	0.0506815775821243	0.0184862863412566	0.0477799059879235	0.0532831870585912
CSM5MCXN	0.0293730158653868	0.0438678591847723	0.0538961533462163	0.0550516949741789	0.0468426392404164	0.0490645389064212	0.0273035293524556	0.0656495892374739	0.0474922375564594	0.0391355749708765	0.0415291129949676	0.0508516285190536	0.018634243572026	0.067552243693572	0.0382611485628785	0.0415883907104237	0.0466885171802306	0.049574861292816	0.0466023241777567	0.0305143522029789	0.0473126955029789	0.0632136489556602
CSM5MCXP	0.0291184749818094	0.0434551910117554	0.0415481181962883	0.0528370958443548	0.042919139312547	0.0424092012429643	0.0348575840425499	0.0624390218967785	0.0517613254256077	0.0461557848023565	0.044460287947771	0.050762451311971	0.0285998694096275	0.0596707549128071	0.0512430532189104	0.0458378652518932	0.0522448165000802	0.0420398322860471	0.0487192542569661	0.0244735825632961	0.0484200031736394	0.0560272924099791
CSM5MCXR	0.0294870856888749	0.0435308044533001	0.0404886212262724	0.052061506742501	0.0431515888934222	0.0415572796754301	0.0341107252310831	0.0624051274513616	0.0489780184602838	0.0477598488938045	0.0457021760513729	0.0528040090510801	0.0289916447343415	0.0567672071257372	0.0520307476588492	0.0476899818323669	0.0548654169250979	0.0433400981346593	0.0510611774005982	0.0236758159560989	0.0461603765439138	0.0533807418695503
CSM5MCXT	0.0213894177093119	0.0473734815110103	0.0446650330618074	0.0489709152046478	0.0406639573101547	0.0429790632515638	0.0369690500437913	0.0959940358439603	0.0474207007732003	0.0422470133438305	0.0416016834272346	0.0471178618512705	0.0225918441134758	0.0630814533786214	0.0452122922030858	0.0417657400945868	0.0490443169423469	0.0412193890160429	0.0452133516096093	0.0264324954487139	0.050240689594948	0.0578062142667855
CSM5MCXV	0.0203792900322724	0.0465665839649122	0.0477073379540271	0.0498334002577398	0.0387908085308897	0.0452490460847282	0.0404672164167186	0.0839273440192535	0.0457922006878665	0.0431802736593942	0.0408275089701336	0.0493613730431077	0.0171931709947683	0.0724339339717986	0.0467137529978578	0.042616686097376	0.0493811593893649	0.0394128498740075	0.0451405444866251	0.0277901173019959	0.0499018118732303	0.057333589391932
CSM5MCXX_P	0.0244511551979004	0.0432776069229533	0.0451935154167979	0.0508785045751771	0.0455303964020719	0.0438912465838112	0.0400733165426535	0.0848744031880508	0.0430704463558692	0.0436666048016813	0.0440101841964588	0.0501338374893969	0.0224672823539714	0.0669265867388483	0.045155448845717	0.0424264187884832	0.0486409090493225	0.0451033319522629	0.0455080139117797	0.0256656912039754	0.0444269559682502	0.0546281435145672
CSM5MCXZ_P	0.0243500247236627	0.0513877736984353	0.0468512902553955	0.0541202292590937	0.0427932901416444	0.0430084457165318	0.037286278964282	0.0731905426272176	0.0437126096347193	0.0410493762815976	0.0418255960649402	0.0499361313813211	0.0305352920924153	0.0600856857582999	0.044841214983329	0.0445224285012522	0.0535346741526504	0.0435395541158776	0.044064185583524	0.0231809385519321	0.0472200705540266	0.058964366957852
CSM5MCY2	0.0218155367129937	0.0448008297850294	0.0458758700748451	0.0543480547138859	0.0440011629171878	0.0435674562296268	0.0385225996541444	0.088509456831732	0.0418983113312034	0.0416390680300103	0.0424596395343841	0.0510621555493358	0.0192614288680384	0.0680163319408523	0.0454508091320227	0.0435144203924987	0.0486225070414429	0.0427963074153262	0.04536215798821	0.0263031943962154	0.0460962720451974	0.0560764294158173
CSM5MCY4	0.0266479379372626	0.0435729666373457	0.0387152424167138	0.0515279869909299	0.0455408048514785	0.0384014626570644	0.0374483992702489	0.0835900113585289	0.0421916535649761	0.0456926853397598	0.0455622279940361	0.0525215518412871	0.026382866516662	0.0608391668763683	0.0489339748338827	0.0448932077660064	0.0535611604607233	0.0458299639846065	0.0475114142183798	0.0204400228215089	0.0446981612442135	0.0554971304180167
CSM5MCY8	0.0274825812293192	0.0433396436375325	0.0394838964553921	0.0522626918702588	0.0445285000411008	0.0390236900188818	0.0374556019183652	0.0844692903300211	0.0417986698058692	0.0445545101089601	0.0443667959399756	0.0507505499534395	0.0266983531455619	0.0628880499687757	0.0464657593406202	0.0433435696855113	0.055477266341868	0.0447917906336764	0.0450277215794	0.0215462739964347	0.0475250561608895	0.0567197378381462
CSM5MCYI_P	0.0353048165335947	0.0502173349090595	0.0493572190355403	0.0500956965382066	0.0446937422534805	0.0482474850834462	0.0339469057158505	0.0552800276712882	0.0456778024385323	0.0410451676130631	0.0432476292047387	0.0510307554838152	0.0309434179805725	0.0593869080217911	0.0385881878188684	0.0451157293978612	0.0496875450379039	0.0458743838814746	0.0422618395641772	0.0318851065056351	0.0483953535295304	0.0597169457815698
CSM5MCYM_P	0.0326341241870235	0.0467157601140449	0.0515152051574673	0.0461773714685273	0.0423265027722935	0.0494796175711909	0.0344944899870499	0.0564539148723605	0.0499228581591395	0.0399404716135174	0.0403899355482547	0.0509492954894842	0.0326573580150345	0.0584401305741134	0.0419318042892966	0.0469967787957022	0.0485717004230216	0.0431759204606494	0.0447872140925337	0.0353332588375673	0.0493124169874687	0.0577938705842589
CSM5MCYO_P	0.0307128927215536	0.0472567837657778	0.0465917731907072	0.0492611647674939	0.0421690459998255	0.0455403258534504	0.0320550333042005	0.0648275370127469	0.0484991987323766	0.0379390177857866	0.0390212831085583	0.0517894515229625	0.0252378525196646	0.0662844659346991	0.0441053850447588	0.0483387028190493	0.0472815420350397	0.0431138423310309	0.0466253613322234	0.0349212790918321	0.0482491921532561	0.0601788689730062
CSM5MCYQ_P	0.0314398790385411	0.0486028470947999	0.0512835896743068	0.0515481820746778	0.0478269108168222	0.0502347160480398	0.0316318128406591	0.0468239344041052	0.0467495492649036	0.0385411419600815	0.0411451973457886	0.051816227556946	0.0290703454650172	0.0628265230645008	0.0420959458948108	0.0440849210675836	0.0511890615573716	0.0487083099710761	0.0448109315364646	0.0323067464731444	0.0478341047374413	0.0594291221129178
CSM5MCYS	0.0290197396526221	0.0469189746721283	0.0451380826353405	0.0470584235731504	0.0393739809133326	0.0445307679182858	0.0356138638121763	0.106118047920646	0.0412147833795383	0.0422286423167761	0.0410127300040924	0.0484588138248127	0.0195600496217433	0.0642084575052887	0.0502032721100915	0.0442145383497307	0.0452623935691863	0.0370401682110387	0.0462195492734417	0.0283892048333733	0.045641740763595	0.0525737751396093
CSM5MCYU_P	0.0120456091715976	0.0350170521582906	0.0452596649368461	0.0461571931284142	0.0330642191510582	0.0459110966887907	0.0135752381885992	0.126459499574076	0.0486767936935674	0.0456872264279092	0.0373937910350825	0.0627216915104654	0.0315791594714287	0.0668108697244118	0.0524593383757904	0.0327311189196486	0.0456747973147969	0.0236805312009927	0.0517795390009777	0.0383113520324905	0.0394815895882284	0.065522628706537
CSM5MCYW	0.0102498736164986	0.0406657251292051	0.0380386960207398	0.0501093205229159	0.0442837348051112	0.0385992151483841	0.0455694447053101	0.0847381445636596	0.0457865479835412	0.0453422409609198	0.044647238098459	0.0550013507954883	0.011534051423516	0.0965733941578109	0.0474269090831506	0.0264717329659185	0.0541214753557989	0.044125645486462	0.0435424286820554	0.0260493292013726	0.0473607453553886	0.0597627559382939
CSM5MCZ3	0.0239624148465886	0.0378631094716751	0.0429716213730017	0.0506339072899067	0.0436547643560329	0.0411047253373636	0.0430136702091707	0.0748435548351161	0.0461735980779465	0.0411852084965637	0.0416283478072496	0.0542932403905457	0.0130680312819244	0.0811102772295432	0.0436581379016281	0.0357404263896568	0.0533005745991535	0.0440268182416767	0.0440579030546612	0.0382679349431009	0.0406151997747435	0.0648265340927506
CSM5MCZ5	0.0125019485148991	0.0381088553718098	0.0429263155881682	0.0507555682668066	0.0461757401460804	0.0432101714336138	0.0371738749778549	0.0911489274191718	0.0498580921425868	0.0426698788306801	0.0439846293509436	0.0555725032132807	0.000901382031079089	0.0774385430085802	0.047715621338731	0.0322632318840316	0.0559044737801231	0.0464300758240315	0.050144994553361	0.0276858200047729	0.0492697898722331	0.0581595624471609
CSM5MCZ7	0.0105617253608013	0.028210721778385	0.0382045392981613	0.0525533026197839	0.0466689830708319	0.0381958901841158	0.0464201457221435	0.0915043539640105	0.0483647938233544	0.0444963022466097	0.0452520478063182	0.0554670021338533	0.00306806282379829	0.0960609176270534	0.0491718496677384	0.0226604450394619	0.0513659195172354	0.0461619579798924	0.0466091405520304	0.0281336979114119	0.0490204901719416	0.0618477107010673
CSM5MCZB	0.026318068066635	0.0390160517228544	0.0424111371354289	0.0578249142438281	0.0452254284945282	0.0425036793549532	0.0295949559909061	0.0628275771232885	0.0518352107110747	0.049420179472349	0.0460011567777441	0.0538151331726061	0.0305056035001117	0.0452466169977609	0.0507209245059356	0.0509290299674155	0.053535215865035	0.0460843073363761	0.0490576842683953	0.0245607966877215	0.0500708383202671	0.0524954902847849
CSM5MCZD	0.0322145674309928	0.0455376463358234	0.0505899054558986	0.0526001640589288	0.0449501561422357	0.0481296924297628	0.0320415854497442	0.0680700309779755	0.0465961126800377	0.0407436861017756	0.0421926198529195	0.0503633627965517	0.0211171080185814	0.0632830034413015	0.0415752743335441	0.0412997555217816	0.0484696182364828	0.0470550125191096	0.0455915424670205	0.031189981849751	0.0464866431521499	0.059902530747631
CSM5MCZF	0.0323316956968864	0.0463229113110647	0.0483935117617799	0.0523063556506597	0.0440394526880062	0.0464152353376233	0.03236771098744	0.0695261246331988	0.0461485214831208	0.041656533881747	0.0421485941827166	0.0493780783735093	0.02704703719599	0.0615609472935736	0.0435623337150062	0.0427473623259767	0.0471042089609388	0.0454156158954767	0.0446783617123788	0.0325118836521021	0.0453151521902481	0.0590223710705562
CSM5YRY7_P	0.0350461726479446	0.0501933697157129	0.0262951651797512	0.0464348362101176	0.0440384776059735	0.0280108577609214	0.0237180742740886	0.100961807700614	0.0499004172243109	0.0484656363416367	0.045571029727044	0.0530829191972851	0.0117249508672435	0.0646447293614458	0.0519278459338164	0.0489367925680469	0.0556084755093102	0.0428098350978493	0.0501241351565036	0.0204793417982435	0.0485506443395528	0.0534744857825869
CSM67U9B	0.0352674636442582	0.0495750145331761	0.0521858830687901	0.0518913107350497	0.0420167857370096	0.0496388584448014	0.0307891606936055	0.0652641129246787	0.0445178818327372	0.0397013581597839	0.0408459882896368	0.0506592752499956	0.0211949843006953	0.0681613018598774	0.0412684656027897	0.0428115772898954	0.0500779482043466	0.0429512087020555	0.0441156000426495	0.0261473391529737	0.049741030419018	0.0611774511121761
CSM67U9D	0.0332708846232494	0.0459700651556466	0.0522803575498306	0.055081316192705	0.0432812574598396	0.048821244001726	0.0308107702743239	0.0619188081191881	0.0469592680371602	0.0376884608836414	0.0393572129273559	0.051256248249049	0.0235049693228875	0.0618584537942602	0.0424308920459305	0.0428917693816204	0.050144309893335	0.0449987658891768	0.0442092052056056	0.0314867161932455	0.0482112824753561	0.0635677423248666
CSM67U9H_P	0.0114522516282738	0.0309363029945539	0.0310030182976031	0.0363306522167251	0.0286084948789959	0.0331024654904323	0.015814306626952	0.148989170730312	0.0548770894937561	0.0358215310603309	0.0307800779932471	0.0766126572467531	0.0310987825555216	0.0768574190148149	0.0608779920128161	0.0356544648222786	0.0402558748696671	0.024431004986399	0.062614396764886	0.0297682292303343	0.027261401718261	0.0768524153670862
CSM67U9H	0.0129217450779807	0.030783004538834	0.0291971099144149	0.037029085457865	0.0276580339242083	0.0312174379121067	0.0161342160576037	0.152461467422694	0.0539979203815966	0.0379078504357449	0.0308255669335725	0.0773538860208764	0.0293072772291683	0.0820562387809734	0.0610980207001712	0.0313101843397113	0.0406778704747142	0.0243744936436033	0.0612836125376937	0.0301931689336091	0.0256522563265783	0.07655955295628
CSM67U9J	0.0324754812467138	0.0493687516431033	0.0338789653560787	0.0510432337004148	0.0435186190994333	0.0343284225842729	0.0351769028962435	0.0776666426286732	0.0485701349535549	0.0482411719708477	0.0455639404539347	0.051335911484197	0.0225611782146404	0.0601089423161185	0.0523536086200853	0.0456402762969562	0.0528643399106152	0.0432972565651107	0.0497504308582111	0.0243560404130397	0.0478091727157212	0.0500905760720336
CSM67U9N	0.0261724192442375	0.0547864745425636	0.0398922389124258	0.049647201413992	0.0329423075679286	0.0396105174604879	0.0346218066241693	0.102024077632986	0.0526584472590518	0.0450212840331321	0.0384897985398315	0.051887135136501	0.02842589003598	0.0724278327558269	0.0492498132260475	0.0424111866730261	0.0492832046634903	0.0319037135339557	0.050647891654111	0.0223059314473789	0.0411889397331182	0.0444018879097577
CSM67U9P_P	0.0303434992170306	0.0522977405303435	0.0430633182640973	0.0507152990393744	0.0440536677462385	0.0427423275101572	0.0346620410929215	0.0635419560194018	0.0596907347092024	0.0389116152674459	0.039144083162647	0.0485321803485359	0.0324763468447706	0.0522979313123666	0.0489518054084414	0.0437242825832802	0.0585999384918757	0.0426471272806083	0.0502996804019548	0.0297130600215507	0.0439587536897243	0.0496326110580313
CSM67U9R_P	0.0275082812435032	0.0542011429733014	0.0303551752574462	0.0491996241678332	0.0429963433170249	0.0320323580638753	0.0280081010658203	0.0861577051369119	0.0570018375813687	0.0462613419541425	0.045054238102498	0.0533826916235857	0.0165356336017519	0.0605082281141865	0.0557336638900824	0.0417655622698692	0.0557787083108111	0.0420616715869034	0.0526267538449456	0.0191759296475447	0.0482378102867597	0.0554171979598342
CSM67U9T_P	0.0325750029746702	0.0513863515779302	0.0370221172905052	0.0507675637161655	0.0441788279982876	0.0380584175827216	0.0266169114553244	0.0835897148536893	0.0522884212003158	0.0485707538894078	0.0461650467005579	0.0526764339357152	0.0214948328249458	0.0458463370765012	0.0561331206908744	0.035523561011227	0.0549833383181702	0.0434589789802675	0.053383438588904	0.0161735959662484	0.0542416115358769	0.0548656218316939
CSM67U9V_P	0.0257711834564036	0.049628152788329	0.0323872680093179	0.0480068457390571	0.0437119417766643	0.033022673199225	0.0375965667515468	0.110383255070408	0.0499085821181142	0.0442016132988962	0.0438578354154345	0.0500034449775339	0.0154370987015098	0.0525081124141841	0.047306332313427	0.0471092479242111	0.0491399210059533	0.0437232997244194	0.0471303641087699	0.0255133100510335	0.0474243909816423	0.0562285601739193
CSM67U9X_P	0.016451322678076	0.042478893995716	0.0375050318445362	0.0505710432640143	0.042926523556523	0.0394063824457081	0.0382230146789759	0.076411628325699	0.0455992618204305	0.0449994631774402	0.0440607866239909	0.0566131406949508	0.0150154957230362	0.0818904088534941	0.04984002132864	0.0404538106495054	0.0549313741020706	0.0423941398396412	0.0477057701905623	0.0202291941031082	0.0578442260225499	0.0544490660813313
